44 44
255 82 135 255 82 135 255 82 135 255 82 135 255 82 135 255 82 135 255 82 135 255 82 135 255 82 135 255 82 135 255 82 135 255 82 135 255 82 135 255 82 135 255 82 135 255 82 135 255 82 135 255 82 135 255 82 135 255 82 135 255 82 135 255 82 135 255 82 135 255 82 135 255 82 135 255 82 135 255 82 135 255 82 135 255 82 135 255 82 135 255 82 135 255 82 135 255 82 135 255 82 135 255 82 135 255 82 135 255 82 135 255 82 135 255 82 135 255 82 135 255 82 135 255 82 135 255 82 135 255 82 135 
255 82 135 255 82 135 255 82 135 255 82 135 255 82 135 255 82 135 255 82 135 255 82 135 255 82 135 255 82 135 255 82 135 255 82 135 255 82 135 255 82 135 255 82 135 255 82 135 255 82 135 255 82 135 255 82 135 255 82 135 255 82 135 255 82 135 255 82 135 255 82 135 255 82 135 255 82 135 255 82 135 255 82 135 255 82 135 255 82 135 255 82 135 255 82 135 255 82 135 255 82 135 255 82 135 255 82 135 255 82 135 255 82 135 255 82 135 255 82 135 255 82 135 255 82 135 255 82 135 255 82 135 
255 82 135 255 82 135 255 82 135 255 82 135 255 82 135 255 82 135 255 82 135 255 82 135 255 82 135 255 82 135 255 82 135 255 82 135 255 82 135 255 82 135 255 82 135 255 82 135 255 82 135 255 82 135 255 82 135 255 82 135 255 82 135 255 82 135 255 82 135 255 82 135 255 82 135 255 82 135 255 82 135 255 82 135 255 82 135 255 82 135 255 82 135 255 82 135 255 82 135 255 82 135 255 82 135 255 82 135 255 82 135 255 82 135 255 82 135 255 82 135 255 82 135 255 82 135 255 82 135 255 82 135 
255 82 135 255 82 135 255 82 135 255 82 135 255 82 135 255 82 135 255 82 135 255 82 135 255 82 135 255 82 135 255 82 135 255 82 135 255 82 135 255 82 135 255 82 135 255 82 135 255 82 135 255 82 135 255 82 135 255 82 135 255 82 135 255 82 135 255 82 135 255 82 135 255 82 135 255 82 135 255 82 135 255 82 135 255 82 135 255 82 135 255 82 135 255 82 135 255 82 135 255 82 135 255 82 135 255 82 135 255 82 135 255 82 135 255 82 135 255 82 135 255 82 135 255 82 135 255 82 135 255 82 135 
255 82 135 255 82 135 255 82 135 255 82 135 255 82 135 255 82 135 255 82 135 255 82 135 255 82 135 255 82 135 255 82 135 255 82 135 255 82 135 255 82 135 255 82 135 255 82 135 255 82 135 255 82 135 255 82 135 255 82 135 255 82 135 255 82 135 255 82 135 255 82 135 255 82 135 255 82 135 255 82 135 255 82 135 255 82 135 255 82 135 255 82 135 255 82 135 255 82 135 255 82 135 255 82 135 255 82 135 255 82 135 255 82 135 255 82 135 255 82 135 255 82 135 255 82 135 255 82 135 255 82 135 
255 82 135 255 82 135 255 82 135 255 82 135 255 82 135 255 82 135 255 82 135 255 82 135 255 82 135 255 82 135 255 82 135 255 82 135 255 82 135 255 82 135 255 82 135 255 82 135 255 82 135 255 82 135 255 82 135 255 82 135 255 82 135 255 82 135 255 82 135 255 82 135 255 82 135 255 82 135 255 82 135 255 82 135 255 82 135 255 82 135 255 82 135 255 82 135 255 82 135 255 82 135 255 82 135 255 82 135 255 82 135 255 82 135 255 82 135 255 82 135 255 82 135 255 82 135 255 82 135 255 82 135 
255 82 135 255 82 135 255 82 135 255 82 135 255 82 135 255 82 135 255 82 135 255 82 135 255 82 135 255 82 135 255 82 135 255 82 135 255 82 135 255 82 135 255 82 135 255 82 135 255 82 135 255 82 135 255 82 135 255 82 135 255 82 135 255 82 135 255 82 135 255 82 135 255 82 135 255 82 135 255 82 135 255 82 135 255 82 135 255 82 135 255 82 135 255 82 135 255 82 135 255 82 135 255 82 135 255 82 135 255 82 135 255 82 135 255 82 135 255 82 135 255 82 135 255 82 135 255 82 135 255 82 135 
255 82 135 255 82 135 255 82 135 255 82 135 255 82 135 255 82 135 255 82 135 255 82 135 255 82 135 255 82 135 255 82 135 255 82 135 255 82 135 255 82 135 255 82 135 255 82 135 255 82 135 255 82 135 255 82 135 255 82 135 255 82 135 255 82 135 255 82 135 255 82 135 255 82 135 255 82 135 255 82 135 255 82 135 255 82 135 255 82 135 255 82 135 255 82 135 255 82 135 255 82 135 255 82 135 255 82 135 255 82 135 255 82 135 255 82 135 255 82 135 255 82 135 255 82 135 255 82 135 255 82 135 
255 82 135 255 82 135 255 82 135 255 82 135 255 82 135 255 82 135 255 82 135 255 82 135 255 82 135 255 82 135 255 82 135 255 82 135 255 82 135 255 82 135 255 82 135 255 82 135 255 82 135 255 82 135 255 82 135 255 82 135 255 82 135 255 82 135 255 82 135 255 82 135 255 82 135 255 82 135 255 82 135 255 82 135 255 82 135 255 82 135 255 82 135 255 82 135 255 82 135 255 82 135 255 82 135 255 82 135 255 82 135 255 82 135 255 82 135 255 82 135 255 82 135 255 82 135 255 82 135 255 82 135 
255 82 135 255 82 135 255 82 135 255 82 135 255 82 135 255 82 135 255 82 135 255 82 135 255 82 135 255 82 135 255 82 135 255 82 135 255 82 135 255 82 135 255 82 135 255 82 135 255 82 135 255 82 135 255 82 135 255 82 135 255 82 135 255 82 135 255 82 135 255 82 135 255 82 135 255 82 135 255 82 135 255 82 135 255 82 135 255 82 135 255 82 135 255 82 135 255 82 135 255 82 135 255 82 135 255 82 135 255 82 135 255 82 135 255 82 135 255 82 135 255 82 135 255 82 135 255 82 135 255 82 135 
255 82 135 255 82 135 255 82 135 255 82 135 255 82 135 255 82 135 255 82 135 255 82 135 255 82 135 255 82 135 255 82 135 255 82 135 255 82 135 255 82 135 255 82 135 255 82 135 255 82 135 255 82 135 255 82 135 255 82 135 255 82 135 255 82 135 255 82 135 255 82 135 255 82 135 255 82 135 255 82 135 255 82 135 255 82 135 255 82 135 255 82 135 255 82 135 255 82 135 255 82 135 255 82 135 255 82 135 255 82 135 255 82 135 255 82 135 255 82 135 255 82 135 255 82 135 255 82 135 255 82 135 
255 82 135 255 82 135 255 82 135 255 82 135 255 82 135 255 82 135 255 82 135 255 82 135 255 82 135 255 82 135 255 82 135 255 82 135 255 82 135 255 82 135 255 82 135 255 82 135 255 82 135 255 82 135 255 82 135 255 82 135 255 82 135 255 82 135 255 82 135 255 82 135 255 82 135 255 82 135 255 82 135 255 82 135 255 82 135 255 82 135 255 82 135 255 82 135 255 82 135 255 82 135 255 82 135 255 82 135 255 82 135 255 82 135 255 82 135 255 82 135 255 82 135 255 82 135 255 82 135 255 82 135 
255 82 135 255 82 135 255 82 135 255 82 135 255 82 135 255 82 135 255 82 135 255 82 135 255 82 135 255 82 135 255 82 135 255 82 135 255 82 135 255 82 135 255 82 135 255 82 135 255 82 135 255 82 135 255 82 135 255 82 135 255 82 135 255 82 135 255 82 135 255 82 135 255 82 135 255 82 135 255 82 135 255 82 135 255 82 135 255 82 135 255 82 135 255 82 135 255 82 135 255 82 135 255 82 135 255 82 135 255 82 135 255 82 135 255 82 135 255 82 135 255 82 135 255 82 135 255 82 135 255 82 135 
255 82 135 255 82 135 255 82 135 255 82 135 255 82 135 255 82 135 255 82 135 255 82 135 255 82 135 255 82 135 255 82 135 255 82 135 255 82 135 255 82 135 255 82 135 255 82 135 255 82 135 255 82 135 255 82 135 255 82 135 255 82 135 255 82 135 255 82 135 255 82 135 255 82 135 255 82 135 255 82 135 255 82 135 255 82 135 255 82 135 255 82 135 255 82 135 255 82 135 255 82 135 255 82 135 255 82 135 255 82 135 255 82 135 255 82 135 255 82 135 255 82 135 255 82 135 255 82 135 255 82 135 
255 82 135 255 82 135 255 82 135 255 82 135 255 82 135 255 82 135 255 82 135 255 82 135 255 82 135 255 82 135 255 82 135 255 82 135 255 82 135 255 82 135 255 82 135 255 82 135 255 82 135 255 82 135 255 82 135 255 82 135 255 82 135 255 82 135 255 82 135 255 82 135 255 82 135 255 82 135 255 82 135 255 82 135 255 82 135 255 82 135 255 82 135 255 82 135 255 82 135 255 82 135 255 82 135 255 82 135 255 82 135 255 82 135 255 82 135 255 82 135 255 82 135 255 82 135 255 82 135 255 82 135 
255 82 135 255 82 135 255 82 135 255 82 135 255 82 135 255 82 135 255 82 135 255 82 135 255 82 135 255 82 135 255 82 135 255 82 135 255 82 135 255 82 135 255 82 135 255 82 135 255 82 135 255 82 135 255 82 135 255 82 135 255 82 135 255 82 135 255 82 135 255 82 135 255 82 135 255 82 135 255 82 135 255 82 135 255 82 135 255 82 135 255 82 135 255 82 135 255 82 135 255 82 135 255 82 135 255 82 135 255 82 135 255 82 135 255 82 135 255 82 135 255 82 135 255 82 135 255 82 135 255 82 135 
255 82 135 255 82 135 255 82 135 255 82 135 255 82 135 255 82 135 255 82 135 255 82 135 255 82 135 255 82 135 255 82 135 255 82 135 255 82 135 255 82 135 255 82 135 255 82 135 255 82 135 255 82 135 255 82 135 255 82 135 255 82 135 255 82 135 255 82 135 255 82 135 255 82 135 255 82 135 255 82 135 255 82 135 255 82 135 255 82 135 255 82 135 255 82 135 255 82 135 255 82 135 255 82 135 255 82 135 255 82 135 255 82 135 255 82 135 255 82 135 255 82 135 255 82 135 255 82 135 255 82 135 
255 82 135 255 82 135 255 82 135 255 82 135 255 82 135 255 82 135 255 82 135 255 82 135 255 82 135 255 82 135 255 82 135 255 82 135 255 82 135 255 82 135 255 82 135 255 82 135 255 82 135 255 82 135 255 82 135 255 82 135 255 82 135 255 82 135 255 82 135 255 82 135 255 82 135 255 82 135 255 82 135 255 82 135 255 82 135 255 82 135 255 82 135 255 82 135 255 82 135 255 82 135 255 82 135 255 82 135 255 82 135 255 82 135 255 82 135 255 82 135 255 82 135 255 82 135 255 82 135 255 82 135 
255 82 135 255 82 135 255 82 135 255 82 135 255 82 135 255 82 135 255 82 135 255 82 135 255 82 135 255 82 135 255 82 135 255 82 135 255 82 135 255 82 135 255 82 135 255 82 135 255 82 135 255 82 135 255 82 135 255 82 135 255 82 135 255 82 135 255 82 135 255 82 135 255 82 135 255 82 135 255 82 135 255 82 135 255 82 135 255 82 135 255 82 135 255 82 135 255 82 135 255 82 135 255 82 135 255 82 135 255 82 135 255 82 135 255 82 135 255 82 135 255 82 135 255 82 135 255 82 135 255 82 135 
255 82 135 255 82 135 255 82 135 255 82 135 255 82 135 255 82 135 255 82 135 255 82 135 255 82 135 255 82 135 255 82 135 255 82 135 255 82 135 255 82 135 255 82 135 255 82 135 255 82 135 255 82 135 255 82 135 255 82 135 255 82 135 255 82 135 255 82 135 255 82 135 255 82 135 255 82 135 255 82 135 255 82 135 255 82 135 255 82 135 255 82 135 255 82 135 255 82 135 255 82 135 255 82 135 255 82 135 255 82 135 255 82 135 255 82 135 255 82 135 255 82 135 255 82 135 255 82 135 255 82 135 
255 82 135 255 82 135 255 82 135 255 82 135 255 82 135 255 82 135 255 82 135 255 82 135 255 82 135 255 82 135 255 82 135 255 82 135 255 82 135 255 82 135 255 82 135 255 82 135 255 82 135 255 82 135 255 82 135 255 82 135 255 82 135 255 82 135 255 82 135 255 82 135 255 82 135 255 82 135 255 82 135 255 82 135 255 82 135 255 82 135 255 82 135 255 82 135 255 82 135 255 82 135 255 82 135 255 82 135 255 82 135 255 82 135 255 82 135 255 82 135 255 82 135 255 82 135 255 82 135 255 82 135 
255 82 135 255 82 135 255 82 135 255 82 135 255 82 135 255 82 135 255 82 135 255 82 135 255 82 135 255 82 135 255 82 135 255 82 135 255 82 135 255 82 135 255 82 135 255 82 135 255 82 135 255 82 135 255 82 135 255 82 135 255 82 135 255 82 135 255 82 135 255 82 135 255 82 135 255 82 135 255 82 135 255 82 135 255 82 135 255 82 135 255 82 135 255 82 135 255 82 135 255 82 135 255 82 135 255 82 135 255 82 135 255 82 135 255 82 135 255 82 135 255 82 135 255 82 135 255 82 135 255 82 135 
255 82 135 255 82 135 255 82 135 255 82 135 255 82 135 255 82 135 255 82 135 255 82 135 255 82 135 255 82 135 255 82 135 255 82 135 255 82 135 255 82 135 255 82 135 255 82 135 255 82 135 255 82 135 255 82 135 255 82 135 255 82 135 255 82 135 255 82 135 255 82 135 255 82 135 255 82 135 255 82 135 255 82 135 255 82 135 255 82 135 255 82 135 255 82 135 255 82 135 255 82 135 255 82 135 255 82 135 255 82 135 255 82 135 255 82 135 255 82 135 255 82 135 255 82 135 255 82 135 255 82 135 
255 82 135 255 82 135 255 82 135 255 82 135 255 82 135 255 82 135 255 82 135 255 82 135 255 82 135 255 82 135 255 82 135 255 82 135 255 82 135 255 82 135 255 82 135 255 82 135 255 82 135 255 82 135 255 82 135 255 82 135 255 82 135 255 82 135 255 82 135 255 82 135 255 82 135 255 82 135 255 82 135 255 82 135 255 82 135 255 82 135 255 82 135 255 82 135 255 82 135 255 82 135 255 82 135 255 82 135 255 82 135 255 82 135 255 82 135 255 82 135 255 82 135 255 82 135 255 82 135 255 82 135 
255 82 135 255 82 135 255 82 135 255 82 135 255 82 135 255 82 135 255 82 135 255 82 135 255 82 135 255 82 135 255 82 135 255 82 135 255 82 135 255 82 135 255 82 135 255 82 135 255 82 135 255 82 135 255 82 135 255 82 135 255 82 135 255 82 135 255 82 135 255 82 135 255 82 135 255 82 135 255 82 135 255 82 135 255 82 135 255 82 135 255 82 135 255 82 135 255 82 135 255 82 135 255 82 135 255 82 135 255 82 135 255 82 135 255 82 135 255 82 135 255 82 135 255 82 135 255 82 135 255 82 135 
255 82 135 255 82 135 255 82 135 255 82 135 255 82 135 255 82 135 255 82 135 255 82 135 255 82 135 255 82 135 255 82 135 255 82 135 255 82 135 255 82 135 255 82 135 255 82 135 255 82 135 255 82 135 255 82 135 255 82 135 255 82 135 255 82 135 255 82 135 255 82 135 255 82 135 255 82 135 255 82 135 255 82 135 255 82 135 255 82 135 255 82 135 255 82 135 255 82 135 255 82 135 255 82 135 255 82 135 255 82 135 255 82 135 255 82 135 255 82 135 255 82 135 255 82 135 255 82 135 255 82 135 
255 82 135 255 82 135 255 82 135 255 82 135 255 82 135 255 82 135 255 82 135 255 82 135 255 82 135 255 82 135 255 82 135 255 82 135 255 82 135 255 82 135 255 82 135 255 82 135 255 82 135 255 82 135 255 82 135 255 82 135 255 82 135 255 82 135 255 82 135 255 82 135 255 82 135 255 82 135 255 82 135 255 82 135 255 82 135 255 82 135 255 82 135 255 82 135 255 82 135 255 82 135 255 82 135 255 82 135 255 82 135 255 82 135 255 82 135 255 82 135 255 82 135 255 82 135 255 82 135 255 82 135 
255 82 135 255 82 135 255 82 135 255 82 135 255 82 135 255 82 135 255 82 135 255 82 135 255 82 135 255 82 135 255 82 135 255 82 135 255 82 135 255 82 135 255 82 135 255 82 135 255 82 135 255 82 135 255 82 135 255 82 135 255 82 135 255 82 135 255 82 135 255 82 135 255 82 135 255 82 135 255 82 135 255 82 135 255 82 135 255 82 135 255 82 135 255 82 135 255 82 135 255 82 135 255 82 135 255 82 135 255 82 135 255 82 135 255 82 135 255 82 135 255 82 135 255 82 135 255 82 135 255 82 135 
255 82 135 255 82 135 255 82 135 255 82 135 255 82 135 255 82 135 255 82 135 255 82 135 255 82 135 255 82 135 255 82 135 255 82 135 255 82 135 255 82 135 255 82 135 255 82 135 255 82 135 255 82 135 255 82 135 255 82 135 255 82 135 255 82 135 255 82 135 255 82 135 255 82 135 255 82 135 255 82 135 255 82 135 255 82 135 255 82 135 255 82 135 255 82 135 255 82 135 255 82 135 255 82 135 255 82 135 255 82 135 255 82 135 255 82 135 255 82 135 255 82 135 255 82 135 255 82 135 255 82 135 
255 82 135 255 82 135 255 82 135 255 82 135 255 82 135 255 82 135 255 82 135 255 82 135 255 82 135 255 82 135 255 82 135 255 82 135 255 82 135 255 82 135 255 82 135 255 82 135 255 82 135 255 82 135 255 82 135 255 82 135 255 82 135 255 82 135 255 82 135 255 82 135 255 82 135 255 82 135 255 82 135 255 82 135 255 82 135 255 82 135 255 82 135 255 82 135 255 82 135 255 82 135 255 82 135 255 82 135 255 82 135 255 82 135 255 82 135 255 82 135 255 82 135 255 82 135 255 82 135 255 82 135 
255 82 135 255 82 135 255 82 135 255 82 135 255 82 135 255 82 135 255 82 135 255 82 135 255 82 135 255 82 135 255 82 135 255 82 135 255 82 135 255 82 135 255 82 135 255 82 135 255 82 135 255 82 135 255 82 135 255 82 135 255 82 135 255 82 135 255 82 135 255 82 135 255 82 135 255 82 135 255 82 135 255 82 135 255 82 135 255 82 135 255 82 135 255 82 135 255 82 135 255 82 135 255 82 135 255 82 135 255 82 135 255 82 135 255 82 135 255 82 135 255 82 135 255 82 135 255 82 135 255 82 135 
255 82 135 255 82 135 255 82 135 255 82 135 255 82 135 255 82 135 255 82 135 255 82 135 255 82 135 255 82 135 255 82 135 255 82 135 255 82 135 255 82 135 255 82 135 255 82 135 255 82 135 255 82 135 255 82 135 255 82 135 255 82 135 255 82 135 255 82 135 255 82 135 255 82 135 255 82 135 255 82 135 255 82 135 255 82 135 255 82 135 255 82 135 255 82 135 255 82 135 255 82 135 255 82 135 255 82 135 255 82 135 255 82 135 255 82 135 255 82 135 255 82 135 255 82 135 255 82 135 255 82 135 
255 82 135 255 82 135 255 82 135 255 82 135 255 82 135 255 82 135 255 82 135 255 82 135 255 82 135 255 82 135 255 82 135 255 82 135 255 82 135 255 82 135 255 82 135 255 82 135 255 82 135 255 82 135 255 82 135 255 82 135 255 82 135 255 82 135 255 82 135 255 82 135 255 82 135 255 82 135 255 82 135 255 82 135 255 82 135 255 82 135 255 82 135 255 82 135 255 82 135 255 82 135 255 82 135 255 82 135 255 82 135 255 82 135 255 82 135 255 82 135 255 82 135 255 82 135 255 82 135 255 82 135 
255 82 135 255 82 135 255 82 135 255 82 135 255 82 135 255 82 135 255 82 135 255 82 135 255 82 135 255 82 135 255 82 135 255 82 135 255 82 135 255 82 135 255 82 135 255 82 135 255 82 135 255 82 135 255 82 135 255 82 135 255 82 135 255 82 135 255 82 135 255 82 135 255 82 135 255 82 135 255 82 135 255 82 135 255 82 135 255 82 135 255 82 135 255 82 135 255 82 135 255 82 135 255 82 135 255 82 135 255 82 135 255 82 135 255 82 135 255 82 135 255 82 135 255 82 135 255 82 135 255 82 135 
255 82 135 255 82 135 255 82 135 255 82 135 255 82 135 255 82 135 255 82 135 255 82 135 255 82 135 255 82 135 255 82 135 255 82 135 255 82 135 255 82 135 255 82 135 255 82 135 255 82 135 255 82 135 255 82 135 255 82 135 255 82 135 255 82 135 255 82 135 255 82 135 255 82 135 255 82 135 255 82 135 255 82 135 255 82 135 255 82 135 255 82 135 255 82 135 255 82 135 255 82 135 255 82 135 255 82 135 255 82 135 255 82 135 255 82 135 255 82 135 255 82 135 255 82 135 255 82 135 255 82 135 
255 82 135 255 82 135 255 82 135 255 82 135 255 82 135 255 82 135 255 82 135 255 82 135 255 82 135 255 82 135 255 82 135 255 82 135 255 82 135 255 82 135 255 82 135 255 82 135 255 82 135 255 82 135 255 82 135 255 82 135 255 82 135 255 82 135 255 82 135 255 82 135 255 82 135 255 82 135 255 82 135 255 82 135 255 82 135 255 82 135 255 82 135 255 82 135 255 82 135 255 82 135 255 82 135 255 82 135 255 82 135 255 82 135 255 82 135 255 82 135 255 82 135 255 82 135 255 82 135 255 82 135 
255 82 135 255 82 135 255 82 135 255 82 135 255 82 135 255 82 135 255 82 135 255 82 135 255 82 135 255 82 135 255 82 135 255 82 135 255 82 135 255 82 135 255 82 135 255 82 135 255 82 135 255 82 135 255 82 135 255 82 135 255 82 135 255 82 135 255 82 135 255 82 135 255 82 135 255 82 135 255 82 135 255 82 135 255 82 135 255 82 135 255 82 135 255 82 135 255 82 135 255 82 135 255 82 135 255 82 135 255 82 135 255 82 135 255 82 135 255 82 135 255 82 135 255 82 135 255 82 135 255 82 135 
255 82 135 255 82 135 255 82 135 255 82 135 255 82 135 255 82 135 255 82 135 255 82 135 255 82 135 255 82 135 255 82 135 255 82 135 255 82 135 255 82 135 255 82 135 255 82 135 255 82 135 255 82 135 255 82 135 255 82 135 255 82 135 255 82 135 255 82 135 255 82 135 255 82 135 255 82 135 255 82 135 255 82 135 255 82 135 255 82 135 255 82 135 255 82 135 255 82 135 255 82 135 255 82 135 255 82 135 255 82 135 255 82 135 255 82 135 255 82 135 255 82 135 255 82 135 255 82 135 255 82 135 
255 82 135 255 82 135 255 82 135 255 82 135 255 82 135 255 82 135 255 82 135 255 82 135 255 82 135 255 82 135 255 82 135 255 82 135 255 82 135 255 82 135 255 82 135 255 82 135 255 82 135 255 82 135 255 82 135 255 82 135 255 82 135 255 82 135 255 82 135 255 82 135 255 82 135 255 82 135 255 82 135 255 82 135 255 82 135 255 82 135 255 82 135 255 82 135 255 82 135 255 82 135 255 82 135 255 82 135 255 82 135 255 82 135 255 82 135 255 82 135 255 82 135 255 82 135 255 82 135 255 82 135 
255 82 135 255 82 135 255 82 135 255 82 135 255 82 135 255 82 135 255 82 135 255 82 135 255 82 135 255 82 135 255 82 135 255 82 135 255 82 135 255 82 135 255 82 135 255 82 135 255 82 135 255 82 135 255 82 135 255 82 135 255 82 135 255 82 135 255 82 135 255 82 135 255 82 135 255 82 135 255 82 135 255 82 135 255 82 135 255 82 135 255 82 135 255 82 135 255 82 135 255 82 135 255 82 135 255 82 135 255 82 135 255 82 135 255 82 135 255 82 135 255 82 135 255 82 135 255 82 135 255 82 135 
255 82 135 255 82 135 255 82 135 255 82 135 255 82 135 255 82 135 255 82 135 255 82 135 255 82 135 255 82 135 255 82 135 255 82 135 255 82 135 255 82 135 255 82 135 255 82 135 255 82 135 255 82 135 255 82 135 255 82 135 255 82 135 255 82 135 255 82 135 255 82 135 255 82 135 255 82 135 255 82 135 255 82 135 255 82 135 255 82 135 255 82 135 255 82 135 255 82 135 255 82 135 255 82 135 255 82 135 255 82 135 255 82 135 255 82 135 255 82 135 255 82 135 255 82 135 255 82 135 255 82 135 
255 82 135 255 82 135 255 82 135 255 82 135 255 82 135 255 82 135 255 82 135 255 82 135 255 82 135 255 82 135 255 82 135 255 82 135 255 82 135 255 82 135 255 82 135 255 82 135 255 82 135 255 82 135 255 82 135 255 82 135 255 82 135 255 82 135 255 82 135 255 82 135 255 82 135 255 82 135 255 82 135 255 82 135 255 82 135 255 82 135 255 82 135 255 82 135 255 82 135 255 82 135 255 82 135 255 82 135 255 82 135 255 82 135 255 82 135 255 82 135 255 82 135 255 82 135 255 82 135 255 82 135 
255 82 135 255 82 135 255 82 135 255 82 135 255 82 135 255 82 135 255 82 135 255 82 135 255 82 135 255 82 135 255 82 135 255 82 135 255 82 135 255 82 135 255 82 135 255 82 135 255 82 135 255 82 135 255 82 135 255 82 135 255 82 135 255 82 135 255 82 135 255 82 135 255 82 135 255 82 135 255 82 135 255 82 135 255 82 135 255 82 135 255 82 135 255 82 135 255 82 135 255 82 135 255 82 135 255 82 135 255 82 135 255 82 135 255 82 135 255 82 135 255 82 135 255 82 135 255 82 135 255 82 135 
255 82 135 255 82 135 255 82 135 255 82 135 255 82 135 255 82 135 255 82 135 255 82 135 255 82 135 255 82 135 255 82 135 255 82 135 255 82 135 255 82 135 255 82 135 255 82 135 255 82 135 255 82 135 255 82 135 255 82 135 255 82 135 255 82 135 255 82 135 255 82 135 255 82 135 255 82 135 255 82 135 255 82 135 255 82 135 255 82 135 255 82 135 255 82 135 255 82 135 255 82 135 255 82 135 255 82 135 255 82 135 255 82 135 255 82 135 255 82 135 255 82 135 255 82 135 255 82 135 255 82 135 
